<?xml version="1.0" encoding="UTF-8" standalone="no"?>
<!DOCTYPE svg PUBLIC "-//W3C//DTD SVG 20010904//EN"
              "http://www.w3.org/TR/2001/REC-SVG-20010904/DTD/svg10.dtd">

<svg xmlns="http://www.w3.org/2000/svg"
     width="7.03668in" height="4.06334in"
     viewBox="0 0 2111 1219">
  <path id="Selection"
        fill="none" stroke="black" stroke-width="1"
        d="M 1334.00,638.18
           C 1334.00,638.18 1341.00,638.91 1341.00,638.91
             1341.00,638.91 1362.00,640.17 1362.00,640.17
             1362.00,640.17 1383.00,643.06 1383.00,643.06
             1383.00,643.06 1392.00,643.06 1392.00,643.06
             1409.99,645.50 1409.20,647.81 1429.00,644.73
             1435.64,643.69 1447.45,639.65 1453.00,635.96
             1462.75,629.48 1472.41,619.47 1485.00,620.04
             1494.01,620.45 1495.39,625.14 1496.75,633.00
             1497.24,635.81 1497.67,638.13 1497.49,641.00
             1497.15,646.23 1496.36,651.42 1493.64,655.99
             1489.57,662.83 1471.57,675.15 1464.00,678.42
             1450.74,684.16 1447.72,683.64 1434.00,685.28
             1434.00,685.28 1417.00,686.91 1417.00,686.91
             1417.00,686.91 1381.00,684.00 1381.00,684.00
             1381.00,684.00 1371.00,683.37 1371.00,683.37
             1371.00,683.37 1354.00,685.00 1354.00,685.00
             1345.78,685.04 1326.91,686.64 1320.10,682.15
             1312.79,677.31 1316.44,669.90 1316.91,663.00
             1317.46,655.06 1316.20,647.60 1314.00,640.00
             1314.00,640.00 1334.00,638.18 1334.00,638.18 Z" />
</svg>
