<?xml version="1.0" encoding="UTF-8" standalone="no"?>
<!DOCTYPE svg PUBLIC "-//W3C//DTD SVG 20010904//EN"
              "http://www.w3.org/TR/2001/REC-SVG-20010904/DTD/svg10.dtd">

<svg xmlns="http://www.w3.org/2000/svg"
     width="7.03668in" height="4.06334in"
     viewBox="0 0 2111 1219">
  <path id="Selection"
        fill="none" stroke="black" stroke-width="1"
        d="M 1357.04,628.15
           C 1361.52,630.95 1369.87,630.19 1375.00,631.85
             1375.00,631.85 1394.00,639.76 1394.00,639.76
             1409.45,643.53 1407.73,641.00 1420.00,641.00
             1420.00,641.00 1432.00,641.96 1432.00,641.96
             1446.76,642.53 1471.53,627.53 1485.00,620.75
             1493.68,616.38 1495.93,613.05 1506.00,613.00
             1506.00,613.00 1513.00,613.00 1513.00,613.00
             1521.17,613.16 1521.36,617.82 1523.00,625.00
             1523.00,625.00 1486.00,636.00 1486.00,636.00
             1486.00,636.00 1486.00,647.00 1486.00,647.00
             1485.99,654.49 1486.10,655.33 1479.00,658.42
             1477.09,659.25 1473.94,660.71 1472.00,661.13
             1468.23,661.93 1446.44,658.80 1441.00,658.15
             1438.12,657.81 1432.56,656.83 1430.00,657.52
             1426.77,658.40 1421.82,662.52 1419.00,664.63
             1419.00,664.63 1400.00,678.00 1400.00,678.00
             1400.00,678.00 1382.00,663.60 1382.00,663.60
             1379.20,661.36 1374.13,656.93 1371.00,655.73
             1371.00,655.73 1338.00,650.07 1338.00,650.07
             1333.81,648.91 1326.81,644.72 1323.06,642.27
             1314.71,636.80 1321.38,626.44 1326.17,624.61
             1329.10,623.50 1333.95,625.31 1337.00,626.00
             1337.00,626.00 1345.00,614.00 1345.00,614.00
             1350.98,619.08 1351.79,624.86 1357.04,628.15 Z" />
</svg>
