<?xml version="1.0" encoding="UTF-8" standalone="no"?>
<!DOCTYPE svg PUBLIC "-//W3C//DTD SVG 20010904//EN"
              "http://www.w3.org/TR/2001/REC-SVG-20010904/DTD/svg10.dtd">

<svg xmlns="http://www.w3.org/2000/svg"
     width="7.03668in" height="4.06334in"
     viewBox="0 0 2111 1219">
  <path id="Selection"
        fill="none" stroke="black" stroke-width="1"
        d="M 485.13,667.00
           C 485.78,669.61 486.66,675.52 489.30,676.65
             491.29,677.51 496.67,675.53 499.00,675.00
             499.00,675.00 497.00,689.00 497.00,689.00
             497.00,689.00 482.00,687.00 482.00,687.00
             482.00,687.00 482.89,699.44 482.89,699.44
             482.89,699.44 471.00,704.00 471.00,704.00
             471.00,704.00 474.00,686.00 474.00,686.00
             474.00,686.00 464.00,689.00 464.00,689.00
             464.00,689.00 465.00,678.00 465.00,678.00
             465.00,678.00 458.00,679.00 458.00,679.00
             458.00,679.00 459.00,672.00 459.00,672.00
             459.00,672.00 452.00,673.00 452.00,673.00
             460.98,657.55 465.18,660.55 476.00,650.00
             482.92,655.41 483.13,659.03 485.13,667.00 Z" />
</svg>
