<?xml version="1.0" encoding="UTF-8" standalone="no"?>
<!DOCTYPE svg PUBLIC "-//W3C//DTD SVG 20010904//EN"
              "http://www.w3.org/TR/2001/REC-SVG-20010904/DTD/svg10.dtd">

<svg xmlns="http://www.w3.org/2000/svg"
     width="7.03668in" height="4.06334in"
     viewBox="0 0 2111 1219">
  <path id="Selection"
        fill="none" stroke="black" stroke-width="1"
        d="M 969.00,613.91
           C 969.00,613.91 987.00,613.00 987.00,613.00
             987.00,613.00 1002.00,612.00 1002.00,612.00
             1002.00,612.00 1045.00,612.00 1045.00,612.00
             1045.00,612.00 1066.00,613.00 1066.00,613.00
             1066.00,613.00 1078.00,613.91 1078.00,613.91
             1094.14,615.02 1110.91,615.64 1126.00,622.00
             1126.00,622.00 1126.00,625.00 1126.00,625.00
             1110.91,631.36 1094.14,631.98 1078.00,633.09
             1078.00,633.09 1066.00,634.00 1066.00,634.00
             1066.00,634.00 1045.00,635.00 1045.00,635.00
             1045.00,635.00 1002.00,635.00 1002.00,635.00
             1002.00,635.00 990.00,634.04 990.00,634.04
             990.00,634.04 979.00,634.04 979.00,634.04
             979.00,634.04 969.00,633.09 969.00,633.09
             952.86,631.98 936.09,631.36 921.00,625.00
             921.00,625.00 921.00,622.00 921.00,622.00
             936.09,615.64 952.86,615.02 969.00,613.91 Z" />
</svg>
