<?xml version="1.0" encoding="UTF-8" standalone="no"?>
<!DOCTYPE svg PUBLIC "-//W3C//DTD SVG 20010904//EN"
              "http://www.w3.org/TR/2001/REC-SVG-20010904/DTD/svg10.dtd">

<svg xmlns="http://www.w3.org/2000/svg"
     width="7.03668in" height="4.06334in"
     viewBox="0 0 2111 1219">
  <path id="Selection #2"
        fill="none" stroke="black" stroke-width="1"
        d="M 2111.00,0.00
           C 2111.00,0.00 2111.00,1219.00 2111.00,1219.00
             2111.00,1219.00 0.00,1219.00 0.00,1219.00
             0.00,1219.00 0.00,0.00 0.00,0.00
             0.00,0.00 2111.00,0.00 2111.00,0.00 Z
           M 1362.00,602.14
           C 1362.00,602.14 1337.00,591.09 1337.00,591.09
             1327.23,587.61 1300.46,583.09 1290.00,583.00
             1290.00,583.00 1290.00,602.00 1290.00,602.00
             1290.00,602.00 1291.00,618.00 1291.00,618.00
             1291.00,618.00 1291.00,675.00 1291.00,675.00
             1291.00,675.00 1292.00,690.00 1292.00,690.00
             1292.00,690.00 1292.00,722.00 1292.00,722.00
             1292.04,724.68 1292.23,730.33 1293.98,732.41
             1295.90,734.67 1303.15,735.07 1306.00,734.91
             1306.00,734.91 1323.00,734.00 1323.00,734.00
             1323.00,734.00 1323.00,749.00 1323.00,749.00
             1323.00,749.00 1324.00,765.00 1324.00,765.00
             1324.00,765.00 1324.00,792.00 1324.00,792.00
             1324.00,792.00 1369.00,792.00 1369.00,792.00
             1369.00,792.00 1386.00,791.00 1386.00,791.00
             1386.00,791.00 1514.00,791.00 1514.00,791.00
             1514.00,791.00 1529.00,790.00 1529.00,790.00
             1529.00,790.00 1657.00,790.00 1657.00,790.00
             1657.00,790.00 1672.00,789.00 1672.00,789.00
             1672.00,789.00 1753.00,789.00 1753.00,789.00
             1753.00,789.00 1754.00,769.00 1754.00,769.00
             1754.00,769.00 1757.00,701.00 1757.00,701.00
             1757.00,701.00 1759.00,666.00 1759.00,666.00
             1759.00,666.00 1739.00,667.00 1739.00,667.00
             1739.00,667.00 1726.00,667.84 1726.00,667.84
             1717.57,666.74 1713.43,653.61 1710.00,647.00
             1705.16,649.50 1703.66,652.63 1700.66,657.00
             1698.03,660.82 1692.43,667.81 1691.42,672.00
             1689.93,678.12 1695.21,696.83 1694.68,704.00
             1693.54,719.16 1693.78,722.10 1689.42,737.00
             1688.24,741.05 1687.20,745.24 1685.18,748.99
             1681.41,755.96 1671.99,759.39 1665.00,762.42
             1665.00,762.42 1646.00,770.47 1646.00,770.47
             1646.00,770.47 1609.00,775.00 1609.00,775.00
             1609.00,775.00 1612.96,744.00 1612.96,744.00
             1613.08,740.22 1612.50,738.47 1612.08,735.00
             1612.08,735.00 1612.08,725.00 1612.08,725.00
             1611.94,720.34 1609.88,708.78 1605.73,706.17
             1603.49,704.78 1599.59,705.00 1597.00,705.00
             1584.70,704.98 1571.61,704.47 1561.01,697.15
             1558.06,695.12 1556.18,692.68 1553.87,690.00
             1547.99,683.16 1543.57,677.44 1544.04,668.00
             1544.29,663.07 1546.59,658.52 1548.40,654.00
             1553.60,641.01 1562.15,628.07 1574.00,620.34
             1581.55,615.43 1589.53,611.16 1598.00,608.05
             1603.43,606.06 1612.45,603.79 1617.00,601.00
             1608.76,597.39 1598.82,595.66 1590.00,593.79
             1590.00,593.79 1557.00,588.09 1557.00,588.09
             1557.00,588.09 1542.00,589.00 1542.00,589.00
             1525.83,589.03 1513.61,591.41 1498.00,595.12
             1470.54,601.64 1461.30,603.87 1436.00,617.22
             1424.00,623.55 1416.52,628.10 1406.00,637.00
             1397.08,619.68 1379.08,609.69 1362.00,602.14 Z" />
</svg>
