<?xml version="1.0" encoding="UTF-8" standalone="no"?>
<!DOCTYPE svg PUBLIC "-//W3C//DTD SVG 20010904//EN"
              "http://www.w3.org/TR/2001/REC-SVG-20010904/DTD/svg10.dtd">

<svg xmlns="http://www.w3.org/2000/svg"
     width="7.03668in" height="4.06334in"
     viewBox="0 0 2111 1219">
  <path id="Selection #1"
        fill="none" stroke="black" stroke-width="1"
        d="M 365.49,674.00
           C 365.49,674.00 377.52,656.00 377.52,656.00
             377.52,656.00 391.00,642.02 391.00,642.02
             392.45,640.64 394.77,638.20 396.91,638.20
             399.93,638.20 405.66,646.58 407.60,649.00
             407.60,649.00 425.00,671.00 425.00,671.00
             428.56,675.49 432.63,679.75 435.00,685.00
             435.00,685.00 458.00,666.59 458.00,666.59
             460.12,664.83 466.86,658.85 468.99,658.15
             471.86,657.21 473.41,659.06 475.11,661.06
             475.11,661.06 485.87,675.00 485.87,675.00
             487.98,677.78 495.91,687.19 496.13,689.99
             496.34,692.75 493.82,694.62 491.98,696.27
             487.82,700.00 483.02,704.64 478.00,707.00
             478.00,707.00 507.00,741.00 507.00,741.00
             499.55,751.20 491.18,772.05 480.00,777.20
             475.61,779.22 470.76,779.70 466.00,780.02
             466.00,780.02 458.00,780.73 458.00,780.73
             449.42,780.29 434.92,772.21 427.00,768.25
             427.00,768.25 360.00,735.25 360.00,735.25
             360.00,735.25 335.00,723.00 335.00,723.00
             347.41,699.51 351.41,695.12 365.49,674.00 Z" />
</svg>
