<?xml version="1.0" encoding="UTF-8" standalone="no"?>
<!DOCTYPE svg PUBLIC "-//W3C//DTD SVG 20010904//EN"
              "http://www.w3.org/TR/2001/REC-SVG-20010904/DTD/svg10.dtd">

<svg xmlns="http://www.w3.org/2000/svg"
     width="7.03668in" height="4.06334in"
     viewBox="0 0 2111 1219">
  <path id="Selection"
        fill="none" stroke="black" stroke-width="1"
        d="M 890.00,603.63
           C 906.87,595.70 944.27,586.36 963.00,585.09
             963.00,585.09 981.00,586.00 981.00,586.00
             992.19,586.02 1006.97,587.43 1018.00,589.42
             1018.00,589.42 1044.00,594.44 1044.00,594.44
             1048.65,594.81 1059.19,589.67 1064.00,587.81
             1072.27,584.61 1091.38,579.60 1100.00,580.09
             1100.00,580.09 1107.00,581.04 1107.00,581.04
             1107.00,581.04 1116.00,581.04 1116.00,581.04
             1116.00,581.04 1148.00,586.78 1148.00,586.78
             1148.00,586.78 1163.00,592.45 1163.00,592.45
             1172.30,596.30 1176.80,603.77 1181.00,604.88
             1184.83,605.89 1192.40,598.31 1196.00,596.20
             1202.77,592.23 1215.35,587.88 1223.00,585.33
             1229.63,583.12 1233.87,581.09 1241.00,581.00
             1250.61,580.89 1251.98,581.10 1252.00,591.00
             1252.00,591.00 1252.00,610.00 1252.00,610.00
             1252.00,610.00 1253.00,625.00 1253.00,625.00
             1253.00,625.00 1254.00,712.00 1254.00,712.00
             1254.00,712.00 1255.00,729.00 1255.00,729.00
             1255.00,729.00 1255.00,766.00 1255.00,766.00
             1255.00,766.00 1256.00,781.00 1256.00,781.00
             1256.00,781.00 1256.00,793.00 1256.00,793.00
             1256.00,793.00 927.00,793.00 927.00,793.00
             927.00,793.00 919.72,792.01 919.72,792.01
             919.72,792.01 915.87,781.00 915.87,781.00
             915.87,781.00 908.29,752.00 908.29,752.00
             908.29,752.00 880.88,648.00 880.88,648.00
             880.88,648.00 872.00,614.00 872.00,614.00
             872.00,614.00 890.00,603.63 890.00,603.63 Z" />
</svg>
