<?xml version="1.0" encoding="UTF-8" standalone="no"?>
<!DOCTYPE svg PUBLIC "-//W3C//DTD SVG 20010904//EN"
              "http://www.w3.org/TR/2001/REC-SVG-20010904/DTD/svg10.dtd">

<svg xmlns="http://www.w3.org/2000/svg"
     width="7.03668in" height="4.06334in"
     viewBox="0 0 2111 1219">
  <path id="Selection #1"
        fill="none" stroke="black" stroke-width="1"
        d="M 1713.00,687.00
           C 1713.00,687.00 1719.00,687.00 1719.00,687.00
             1725.09,687.03 1733.21,689.68 1737.18,694.61
             1738.80,696.62 1739.29,700.46 1739.80,703.00
             1740.75,707.73 1743.02,716.56 1742.52,721.00
             1742.52,721.00 1738.68,742.00 1738.68,742.00
             1738.87,745.46 1743.14,755.28 1744.60,759.00
             1745.78,762.00 1747.31,764.79 1745.36,767.83
             1741.61,773.69 1736.16,774.55 1730.00,775.17
             1730.00,775.17 1699.00,776.00 1699.00,776.00
             1699.00,776.00 1703.00,749.00 1703.00,749.00
             1703.00,749.00 1702.00,732.00 1702.00,732.00
             1701.90,722.57 1702.90,721.68 1706.19,713.00
             1707.05,710.75 1709.95,703.63 1709.63,701.58
             1709.63,701.58 1702.00,688.00 1702.00,688.00
             1702.00,688.00 1713.00,687.00 1713.00,687.00 Z" />
</svg>
